5
212
998557421 -978435640
978827815 -985608049
948846779 -967278475
958521545 -963002618
941766972 -941276364
934705551 -932567104
911039499 -901781915
907362060 -898990746
885120558 -880277946
885266301 -894520081
849112549 -863289473
847126334 -853772584
834844949 -825288551
822844647 -822292010
804722053 -796344785
795069743 -800770589
777554651 -775086403
775463953 -775662950
758982050 -749305671
750698221 -742079793
733257907 -717007475
714506530 -713378012
704762296 -691380007
701209043 -687451441
666533673 -676047008
672874681 -681809496
648261296 -655063178
655647865 -638192199
606497987 -606109939
623749580 -612803605
596832511 -579546770
600846107 -589108125
567358554 -563490129
571908492 -578314055
528856411 -538423810
537197380 -531266516
520091978 -517682629
504794568 -526264690
496882757 -493173660
475848066 -483748059
462854523 -468275097
470395955 -460588882
426005807 -444602385
440019875 -429212460
409820253 -418862394
410493365 -397909473
391051550 -382977776
382319429 -389294097
347163334 -350314734
344840079 -361307151
336631684 -327142131
340298116 -337809286
294753467 -289958184
294508664 -303652529
275042774 -278833750
275043653 -271235975
242285590 -246338511
249373238 -238329523
236180433 -232848322
230684579 -218594185
194802245 -201105358
195219653 -201345211
166383808 -170224487
167174843 -166076354
156000152 -140494624
145155889 -141538086
108949284 -108246228
117851512 -107175554
100291685 -104947507
79199897 -86114743
73982443 -72015827
55890874 -71198497
33692273 -41320927
42502301 -48922137
18344495 -10417325
9159366 -26107593
-3913018 16935091
-19368793 9868511
-48650253 39784096
-34899387 41234679
-66699564 72628169
-67615102 69582054
-82600427 94951205
-79978936 94614737
-123027824 128181088
-109641655 128595031
-139688994 131763590
-150929402 152042455
-180558937 161479695
-161002808 168941328
-195569405 187507047
-201508332 185273782
-225417658 220831821
-213965094 212062633
-242984030 239783739
-260534762 254797923
-284714637 272954748
-280246344 282595694
-308002823 290211787
-301689539 309416105
-330289562 341182825
-331981911 325932474
-349260117 361362616
-345863280 352170282
-377101746 384444966
-388315722 378294271
-417167150 412131084
-419426791 417642957
-441328425 424409681
-421069669 434568435
-468113410 472101533
-456981546 464160336
-495069373 479339519
-481894370 476217827
-504422530 507315100
-500357056 518362509
-537990034 530837288
-542351472 536308660
-560251410 572134287
-569482997 553986409
-598225696 604361976
-594708357 594578567
-622492642 629127910
-616831925 629062103
-655542911 657247221
-642411865 649165714
-679584030 664004623
-668765631 681067339
-686319258 698186679
-690189273 696783225
-732789292 729610701
-725799338 711619203
-759072226 744532715
-738305719 739835463
-766654469 787818739
-772362142 764615433
-803636932 803879598
-793638193 802214569
-829033950 829211691
-830747658 835097295
-844250542 863349561
-864631678 861591614
-877838285 893285209
-892462755 893981994
-914425068 919267207
-911173509 916804875
-941076954 938777184
-938330733 925192639
-959241611 954018738
-965883921 964594438
-974195168 994958034
-994952287 998599548
-1026122400 1020882293
-1020243156 1014843316
-1047718901 1048259916
-1031910223 1041223553
-1063316321 1066049229
-1057307578 1074881716
-1092025904 1096536418
-1088199214 1101292969
-1121221384 1128373628
-1106419805 1106513515
-1147533765 1149704331
-1151035705 1137153822
-1162541581 1184063177
-1162894948 1171681610
-1194418205 1208864284
-1190289144 1188726810
-1236293347 1213198578
-1215599370 1212408687
-1241944921 1243727695
-1250380061 1243401706
-1276620732 1281227084
-1273859653 1279109447
-1314159507 1305605443
-1311382832 1293400280
-1338308975 1323860990
-1330906439 1334783033
-1365757893 1354298873
-1354316847 1368372522
-1381255535 1391600355
-1379890203 1368432471
-1416502523 1417513441
-1408112119 1402426259
-1425172734 1432597488
-1440386598 1426464633
-1471816147 1470794114
-1472781867 1459813660
-1475278159 1481211622
-1474762388 1486247830
-1525757795 1525402586
-1513238126 1525975564
-1531870276 1540728246
-1543087717 1550824030
-1576962176 1564196820
-1565825734 1556734699
-1584507801 1586553124
-1598518199 1591298630
-1615893906 1626448323
-1614206017 1628443940
-1635546714 1647480549
-1651541763 1634899701
-1680260065 1678645336
-1659030305 1679996103
-1690967674 1691300763
-1689317628 1696745718
-1724339284 1722348858
-1726357277 1724111344
-1757020451 1761182654
-1758744134 1744014843
-1776080439 1772646774
-1774711562 1779785993
218
989174430 -998589389
995847063 -997109690
976803983 -971349167
975150538 -974428157
952061276 -943985098
946298173 -941619016
934135459 -926719938
917755200 -918440034
896075531 -914992184
910525624 -899914701
887223603 -884157136
888829076 -879455298
861996602 -866249519
860171641 -861642872
840554810 -849889057
846628764 -838979821
819364871 -819256004
815018428 -813787763
800369563 -799521224
810816500 -807793287
778710854 -789607153
790715414 -772294508
760703176 -763930704
764477632 -760392503
736259967 -741443785
742430011 -734531825
712274107 -728015355
715737182 -718110784
694027870 -701975412
707066573 -691829398
673728712 -668282863
680530115 -676670749
651318216 -656875908
660360807 -646612376
641344631 -638281024
639381074 -638039518
617384445 -607274674
622527629 -605643541
602207118 -587782126
591372289 -589005335
565482556 -580120594
571574322 -574905474
548788552 -545868341
550046287 -543932460
535984858 -521071506
541095323 -539864625
517141788 -507403657
518506866 -510478795
485368715 -488622719
498100344 -483789992
471517041 -464775210
467633162 -473904955
442708734 -447275045
440915261 -441475013
436844175 -419506872
422586970 -418772649
401801644 -397366613
398451916 -415800502
392893137 -383918529
382810935 -383899488
371407315 -374118782
368439069 -372907439
344595770 -341198076
341419613 -344577305
319530623 -325596944
324497463 -313327126
307183677 -305568183
294461401 -301707082
286376169 -279843411
288807047 -279652623
253158796 -256784982
256838613 -260043597
244135302 -246975647
244011916 -243241987
214916167 -220118600
221809358 -208653406
201636920 -203587111
205877448 -195171750
177928776 -177222356
170637673 -186166617
165223416 -152176823
160966966 -158641434
127775242 -139418690
131677527 -126000236
111533118 -116620275
119727063 -114137976
84869231 -92769579
85182709 -103678367
71493086 -65039053
72479286 -64745590
53562493 -55490566
44506203 -47611793
24260888 -28823651
22262358 -38739171
16685019 -16452852
13226573 -18055924
-9420101 13785016
-19785312 6315875
-39826282 37730557
-26593533 25990956
-46637087 57537889
-44751713 56598306
-81344429 77098684
-65079345 65662156
-90758258 92465477
-100559046 98832283
-109334722 115176766
-115183732 113977838
-137982584 142893749
-129326249 129165730
-152203688 149713791
-147749919 157413685
-184853562 174951623
-185764193 176418045
-207038693 194901005
-202646906 187713420
-212063934 213565410
-223980316 213607451
-241347876 237164455
-234560169 241071890
-257302225 251589019
-256916251 258807075
-278813757 281052410
-288634881 283493681
-291704151 303439808
-309304194 301316604
-332720894 328144898
-321379811 325943016
-347901613 353659935
-343636532 344405299
-370072780 355559045
-372721977 367646557
-384076727 376991757
-394367033 377135961
-398998258 411515379
-416471793 407481069
-422115556 431812792
-427727036 436046179
-444720854 445652580
-450641742 452140390
-470305754 461686427
-471804265 461710761
-494643980 491842782
-482540752 493118071
-517683835 510974435
-515141388 501350634
-538576686 541547881
-523848082 521830015
-552467489 554808931
-562088649 549053363
-565238650 575982088
-571943533 564746193
-603076827 595829735
-604070468 583695379
-623662743 611114846
-615833678 612368092
-636005570 628256691
-627282914 645272704
-650608779 652020035
-660558793 665618408
-675127089 682834207
-672854292 686489675
-700748598 704595643
-697668912 706292687
-714597911 716964048
-716520347 727592580
-731911413 730205994
-729682277 729701764
-750612041 769342757
-751600597 770758756
-777991526 785638191
-784831990 771073641
-805627147 801558907
-803576507 799140671
-825467656 814981599
-827310764 812872208
-845898270 847710940
-838164547 836436448
-874010842 874124428
-869718771 855450626
-882791556 895321775
-876685236 882623251
-905975639 914777390
-901499548 916404708
-933760710 924987918
-928415762 922765207
-943200675 956779923
-949741008 940671750
-971237985 966928103
-971786061 974954708
-986439800 980722824
-993651599 986433109
-1003557078 1016609762
-1016044662 1014824987
-1036028749 1022066585
-1029399093 1035344312
-1058669762 1056688873
-1053315473 1044927729
-1066978431 1070617453
-1075597113 1062644727
-1101803401 1084548193
-1088130426 1099555214
-1110769501 1115231964
-1110383847 1108421572
-1143692192 1143969514
-1141033336 1145239388
-1162684325 1149154746
-1162144395 1153368888
-1174500967 1186256880
-1168067817 1186915011
-1202859641 1191846857
-1187521085 1193612847
-1208739102 1214835559
-1218702031 1210257017
-1247211154 1233840573
-1231890716 1241453836
-1259436742 1269879592
-1255723996 1253623878
237
998406118 -986900321
972645569 -984199707
956014972 -962949295
948562944 -953191949
932249088 -934507808
921311285 -920355098
904730428 -897142328
884980659 -886952500
880920467 -879797602
853105292 -858150997
852330874 -852736711
828083677 -833554189
810813157 -815655232
806915083 -806361514
783812132 -791076133
774168193 -769647382
763254960 -759921435
736262436 -739643291
727932986 -732754560
709771755 -706832014
704125091 -698245947
678709001 -683088972
664948996 -665051622
658282654 -657667061
643414071 -637263861
622128488 -630752060
614810267 -604830363
599336858 -600034128
578207232 -582385451
567906167 -565930963
554569925 -554730528
533676435 -529956526
525558054 -517618642
514491620 -505454864
494990312 -485605864
481633627 -479482016
467875323 -458250963
450515210 -445055898
434965911 -429117055
416483786 -417264041
400517488 -408236392
385876207 -388458133
381347195 -381359395
357174129 -363780178
338481596 -345911496
334576362 -324039262
310611740 -312593388
302072778 -301417190
287281652 -285100530
276537282 -266320828
258236123 -260463701
244534680 -235857072
229810336 -228598928
207055542 -218332830
194200421 -201472129
183167888 -187259218
167123035 -174662134
161608822 -152497827
140763829 -142678664
121794267 -121381065
103333954 -105995987
90343367 -95303747
88132939 -87950994
64854747 -69922687
51855709 -50890696
32238313 -43997521
19215843 -19734745
6678797 -10734111
-11590284 13272106
-17125503 24515822
-34054413 32866262
-55967869 54475261
-69339864 61070175
-86893421 87511860
-102705506 92329232
-108910423 104696442
-126347943 132285249
-134576833 139524778
-147977217 147310265
-162597740 162948725
-184773905 188771885
-201474070 202881964
-209769061 214695991
-222210161 230000657
-242717082 248270552
-251861288 263955948
-276882801 265768313
-281218005 288935155
-302499621 302731401
-321517776 319759016
-324111150 331705811
-348481841 339035543
-355221648 360209194
-376171734 379385026
-389170259 390228101
-411619403 409743679
-423360967 421440557
-430202239 439612908
-452777944 450393430
-465709296 467419028
-475343911 479034297
-488395201 487879544
-502878753 505521848
-519779501 516911456
-535451432 529561369
-555982600 550619579
-559331129 561970948
-580994809 585250138
-594270475 597456615
-616545497 609563609
-625276635 624232209
-634730237 642600067
-650475688 652107784
-669976404 669786367
-682511106 678450774
-698714580 703782824
-717627731 709735401
-724522514 727336365
-742948291 744098135
-752553310 763255132
-766333155 769343498
-780588610 782980830
-799914428 806621122
-820704488 818274028
-831031926 825594070
-842514952 841941776
-859175083 864163085
-873037001 872811411
-883981342 888115203
-900781956 904153897
-917292191 913175010
-930089834 927315968
-949311622 954830350
-962254655 965732705
-984231431 982437014
-993595810 989019514
-1005109284 1003142740
-1017013050 1027452580
-1033996477 1040864317
-1047149934 1053065818
-1063429112 1072831157
-1083499189 1087895458
-1093646428 1100677683
-1110879551 1105920507
-1131130883 1127924125
-1133880109 1142615401
-1150583543 1155461234
-1162862589 1176368659
-1180019025 1185820497
-1198775586 1198785208
-1214514335 1219456793
-1233150001 1228318165
-1243909288 1235512874
-1253199980 1261015453
-1265049119 1277032063
-1285760330 1291100879
-1307661571 1301296088
-1317088572 1321931679
-1323598207 1330315452
-1341601377 1347663279
-1361895582 1365227128
-1378873278 1378250212
-1384578227 1388749798
-1405990715 1409908088
-1425695789 1423819847
-1439052135 1435743225
-1446706928 1442517730
-1466310481 1465723509
-1480849793 1472083094
-1488573689 1495376008
-1509074443 1509044187
-1528357179 1519043652
-1541058466 1543798535
-1556539775 1550860943
-1562398069 1561445773
-1583357784 1584977385
-1594082588 1597347250
-1607065805 1616046386
-1625214456 1627839772
-1643218091 1634923897
-1652818654 1651415944
-1666194225 1668019705
-1678438676 1682073374
-1693418855 1696169670
-1713518327 1708717314
-1729425404 1725689558
-1747557501 1738387761
-1753210887 1762331746
-1775493149 1774239358
-1782448640 1782474165
-1799568219 1799126410
-1812987259 1819827322
-1831906391 1826898130
-1848508716 1841811949
-1862574258 1861296772
-1874933759 1880178160
-1890057578 1887112860
-1908243989 1903613606
-1924281770 1912101443
-1931304578 1926595797
-1945378075 1948580360
-1969672997 1959364497
-1973124351 1982185811
-1991142460 1991533176
-2001326294 2005523308
-2029304368 2022644960
-2029908256 2030786083
-2049309696 2058029796
-2066588185 2066401616
-2078256327 2082381478
-2088900928 2097399090
-2112217205 2103554274
-2122178122 2127693786
-2143601913 2145886529
-2152265985 2152440824
-2170801748 2163078143
-2186990494 2185329096
-2199643350 2196207771
-2214233583 2211888529
-2229249963 2220657676
-2236455927 2244707231
-2255549405 2256481290
-2272880501 2269737447
-2291344327 2284858162
-2294645198 2302523770
-2322226616 2314685068
-2327753388 2332240183
-2348469308 2340188737
-2354867879 2365008331
-2374711771 2377191936
-2384221377 2383467854
-2400535852 2410164326
-2412814628 2415469396
-2435801325 2438592649
-2448014243 2449408269
-2461136497 2466220205
-2472640824 2483411462
223
988747022 -977547695
983013415 -997982547
973161588 -980901410
941059801 -943969315
964308575 -934041869
938187620 -949145235
917196174 -914356959
899482604 -929995824
900934858 -909969752
865050683 -878460749
868020327 -874639007
874817356 -893495568
849979136 -840007107
831204975 -840825803
847323580 -842768292
819208321 -813832742
797152971 -822489865
812191765 -821932782
776109114 -782187525
789774718 -766066265
765198893 -773015879
739383281 -729782699
753460806 -736331001
756109696 -732059927
717229776 -702156981
716998898 -718656012
715404435 -708422563
678618825 -694511954
666383096 -684408685
693715261 -689663235
646785871 -635766635
660715593 -635567430
644929914 -651170787
612800850 -614174073
614314113 -609005237
623181813 -607053082
580580862 -588212897
564145197 -567522755
588772797 -560942337
557374037 -552417041
557856997 -545166673
557107671 -552180450
494604121 -520492868
507538007 -510717637
506889770 -525365011
485455864 -484344999
467873763 -472765472
477127385 -488721253
450685248 -437045364
433105981 -426550125
450851707 -433554472
392552854 -413684739
412549341 -419968203
420531534 -395108181
386257658 -370808016
368797023 -382101111
372076561 -364370929
349704241 -347163601
344189394 -330591129
349166897 -342873002
307521930 -318489232
311972760 -315282147
313838809 -302317469
278321397 -266569565
278081999 -280268554
282379346 -280845338
239222889 -241607849
229421917 -231555736
240412327 -220937258
197729355 -216490156
193922801 -211605993
200916157 -207482434
177234524 -155978955
164281386 -164690028
165345493 -172270493
119142246 -137034173
145319862 -136845362
124347214 -120294282
115351494 -85612886
110046482 -107391718
91409245 -92979484
76371627 -77437667
84157503 -57169882
77280049 -51048645
26375746 -46814503
26596614 -35889397
38522975 -18113509
10933193 -15575869
-9520058 7994657
14271622 2079713
-32131243 18203128
-48137584 49460105
-20368948 35296591
-50906874 63922319
-72171465 66677874
-75872342 58358034
-112555607 115995333
-96734115 96421720
-86726413 110037071
-138401426 151248825
-144415167 133963023
-128433874 152076109
-157948512 182474767
-156527748 184543480
-153742878 163665682
-209659641 217893594
-220230271 191041084
-202019313 196901899
-240126284 248460466
-246911008 227523162
-238235792 245417983
-259274608 275187001
-275782456 259736309
-260715892 276880033
-289456430 301772513
-292170792 317651215
-312938154 307122918
-352038281 335814780
-340681005 345341462
-327229283 348458408
-357617163 383285414
-368117070 369157533
-378842272 372715259
-400319403 404519552
-416359592 396776549
-413235610 397583813
-432679563 444011608
-430132182 431946814
-430821829 427958154
-485119574 480899212
-466605103 485473472
-468993506 485478901
-517524271 523234915
-519569754 493170901
-507717593 504810191
-536868424 550807380
-541005839 551626707
-555122420 543240629
-580354654 592279816
-559671522 583759156
-587718281 587366791
-613650151 595657449
-622147194 608730501
-595177807 612416229
-635750496 655120019
-643718819 631990229
-643280795 632391356
-690141453 673084880
-665859073 674881785
-663802223 668218007
-697321648 727980540
-725424967 725781420
-714361823 728178823
-753613270 735315462
-744663708 758510349
-755183259 747846452
-783801922 788765357
-775167734 781751364
-786189336 782957444
-810622255 821915510
-796671783 820250981
-828481665 826800824
-860073610 839276363
-862897145 836129158
-859950650 841546371
-897125327 869515198
-893498305 882542970
-890820111 897180516
-915982582 926612058
-919637240 930854878
-928698435 906678640
-947396872 964952985
-948517482 955153681
-952958091 947530876
-977043520 977436477
-987814802 972869906
-980793369 975276230
-1033028650 1016770735
-1015164647 1013314935
-1026876139 1003787041
-1067132701 1054273347
-1048196428 1051663839
-1040604687 1050172370
-1085977736 1098986867
-1069894516 1077782351
-1095134404 1100784966
-1126218503 1114977252
-1111330251 1110666002
-1133000516 1128655009
-1137154519 1146486168
-1155601453 1142466758
-1147880244 1139914011
-1201400137 1182296767
-1201443769 1178578006
-1176641567 1185932281
-1232719728 1208300381
-1226274464 1213624882
-1226882714 1213490895
-1248184768 1248622377
-1255191772 1249832525
-1237675953 1258120124
-1294815689 1294182459
-1285547922 1284473787
-1301372701 1289929478
-1322830973 1305276393
-1330982750 1330246931
-1306861336 1332516390
-1346584750 1357049452
-1358133788 1370281616
-1370804293 1362737869
-1403052350 1376871402
-1379382283 1398194898
-1381235132 1374775557
-1431194644 1421780222
-1418401072 1425527461
-1413021806 1418493399
-1459735819 1457273435
-1457043173 1448567914
-1457152876 1463439357
-1495256561 1489357589
-1496515441 1481531561
-1490218826 1488826673
-1522666986 1519812248
229
972669328 -999006406
966666262 -987214053
976021669 -985838408
948665951 -933396787
959464472 -937408277
942555320 -952525792
898572427 -906590608
905830809 -916032163
902260918 -905075623
894704545 -862099595
880414473 -870704489
862168259 -879296222
827786274 -849016719
844339531 -840915379
828629032 -854112495
814552818 -817368932
797314499 -797322189
817213106 -827402506
772060803 -761945950
769604186 -782843092
791021913 -771540084
746760501 -757798491
756073101 -753756190
734861817 -744261306
723660874 -700474438
722978517 -717757623
696263183 -698972867
680762399 -656588747
674774933 -679826983
681034062 -680658756
650693345 -628178102
640319396 -638296479
646164155 -627181480
605124019 -600495775
586682904 -618849653
595424722 -616483297
560580854 -574369807
554498945 -565860825
583130496 -568665005
527891315 -517897045
542421827 -537757348
541194511 -529997718
487004600 -500319854
493757703 -499997075
514902357 -502544558
473567493 -480159561
454062303 -454385445
460844004 -474142920
430538708 -425007842
439440161 -419335101
414558386 -422509950
390870219 -381560518
388061842 -412278034
390167830 -401889309
370948784 -364500933
353458197 -362450754
374571383 -358359226
333772730 -326228076
337238063 -323402548
313534993 -322609522
300006363 -291597619
284578173 -279498080
303471036 -303206875
254559666 -266668230
250410221 -265050653
252869854 -269717341
226604045 -231564113
209423728 -236739433
235939538 -223384090
196159763 -189108503
186012672 -186667944
178948895 -186770663
144403950 -147298019
157958268 -141457163
171412329 -146705117
115588130 -113989028
129168836 -121796092
112728376 -133966821
92977112 -72160750
96938368 -93667531
72495855 -97589816
49546738 -35099866
44022271 -40669564
53810928 -43150647
1088035 -26419486
10247521 -22104697
26609576 -22332287
-3224254 31821558
-112428 4244883
-6238717 2585234
-48769904 57974039
-34520474 41817922
-40840637 52311126
-81872827 93535052
-102014439 71551768
-102011782 90903064
-132316288 109795156
-105438010 107423935
-134049595 134384174
-162840869 164368044
-142518730 140359065
-145035610 166436730
-201062283 192183339
-177371392 200591770
-189511158 196598450
-207810345 238126932
-216128748 240000069
-211740654 236834121
-252891627 253692187
-262155777 241747739
-263077748 259960082
-307261129 301614157
-309035580 290430317
-310082113 284308948
-340071612 312653852
-310891167 331453628
-321992081 325606342
-367595360 370070891
-361909080 373650348
-350165302 373267577
-411015553 385939861
-388788619 413040341
-406575052 398742924
-435308115 420920141
-422085615 430431213
-448194074 436477253
-456961076 456139429
-468938307 479709742
-456523578 475345667
-509484200 486406911
-495328222 496893878
-511426424 496403212
-547178383 535189990
-550251400 547483920
-522942094 533894531
-570509623 570385570
-584423979 560614277
-553031560 579519482
-599383017 620089292
-610903907 598434242
-613636069 587822983
-633935140 626172914
-634368659 640781645
-644866494 639270410
-659628051 668166162
-682488961 663125153
-657165426 655641778
-721810739 703319959
-706846630 694011900
-722854829 703823753
-734579540 744690472
-730667107 737253016
-744700845 747381746
-784844674 770890627
-767411083 788244420
-760314344 762296285
-801701107 823057192
-804930813 815766107
-793130266 803064156
-843360281 847673752
-842685881 851552637
-854050054 849567426
-870251521 870235047
-881879133 866625055
-885430158 869830324
-927013269 900325195
-911046883 924547605
-897848360 909894095
-952346326 950995174
-964525916 932346960
-958313071 933612259
-977982455 974740437
-996521304 996906170
-974954944 995736010
-1011640153 1026439009
-1024155917 1012286028
-1028858490 1006494065
-1053458852 1054315529
-1048643925 1036359128
-1065856320 1043461117
-1094192452 1088205078
-1087505025 1091052969
-1097469542 1085684928
-1133245855 1112953309
-1116553726 1134443564
-1128606320 1131429024
-1146336211 1167856771
-1154594627 1169742118
-1146186618 1142678340
-1177868572 1177744975
-1187569394 1183511098
-1185581836 1201288806
-1240258939 1219530214
-1227720424 1223605459
-1229926900 1207296690
-1259613873 1241445582
-1253125281 1243698517
-1246551553 1248320245
-1281827117 1287012607
-1290270356 1281268056
-1297524621 1290028711
-1344096896 1313351236
-1314341601 1327734942
-1340022822 1325012038
-1351211842 1359270280
-1361379087 1363114412
-1363781819 1369939034
-1406227808 1386942723
-1403766613 1394579699
-1403470404 1399463906
-1420557219 1440342910
-1431278300 1422034586
-1415537239 1417279905
-1457293357 1451802933
-1450650282 1460629316
-1466657669 1465412407
-1492149113 1497443279
-1502437005 1508702053
-1515631382 1495593563
-1527397640 1528078262
-1546381679 1517792030
-1535422312 1529623345
-1577178916 1565312118
-1579274848 1572190572
-1566250384 1582993974
-1600045614 1602535790
-1601434328 1619819035
-1592791447 1587208601
-1645732193 1623477959
